MY_ACCOUNT_ID= 0.0.4284911
MY_PRIVATE_KEY= 3030020100300706052b8104000a0422042048bf5c8b26b033f5b564cb9b048dce4af038da77595ddad2748651f9ef1fe17f
MONGO_DB_ADDR= mongodb+srv://usersalma:test123@cluster0.1rzkg2j.mongodb.net/?retryWrites=true&w=majority&appName=Cluster0
DEBUG= blockchain-4:*
ANCHOR_TOPIC_ID=0.0.4362945
REVOKE_TOPIC_ID=0.0.4389723 